	  DATA FOR PROGRAM DTETRA
     IASP91 MODEL - FINAL VERSION
         1    6371.0  (2E10.5,10X,I2)
   6371.00   5.80000   3.36000
   6351.00   5.80000   3.36000
   6351.00   6.50000   3.75000
   6336.00   6.50000   3.75000
   6336.00   8.04000   4.47000
   6300.00   8.04420   4.48270
   6251.00   8.05000   4.50000
   6251.00   8.05000   4.50000
   6200.00   8.19170   4.51020
   6161.00   8.30000   4.51800
   6161.00   8.30000   4.52200
   6100.00   8.52270   4.62810
   6000.00   8.88770   4.80210
   5961.00   9.03000   4.87000
   5961.00   9.36000   5.07000
   5900.00   9.56500   5.19930
   5800.00   9.90100   5.41130
   5711.00  10.20000   5.60000
   5711.00  10.79000   5.95000
   5700.00  10.81920   5.97850
   5611.00  11.05580   6.20950
   5611.00  11.05580   6.20950
   5600.00  11.07560   6.21800
   5500.00  11.25060   6.29290
   5400.00  11.41720   6.36350
   5300.00  11.57610   6.43020
   5200.00  11.72790   6.49330
   5100.00  11.87320   6.55320
   5000.00  12.01270   6.61010
   4900.00  12.14690   6.66430
   4800.00  12.27640   6.71630
   4700.00  12.40200   6.76630
   4600.00  12.52410   6.81470
   4500.00  12.64350   6.86170
   4400.00  12.76070   6.90780
   4300.00  12.87640   6.95320
   4200.00  12.99110   6.99830
   4100.00  13.10550   7.04340
   4000.00  13.22030   7.08880
   3900.00  13.33590   7.13480
   3800.00  13.45310   7.18190
   3700.00  13.57250   7.23020
   3631.00  13.65640   7.26450
   3631.00  13.65640   7.26450
   3600.00  13.66360   7.27220
   3500.00  13.68660   7.29700
   3482.00  13.69080   7.30150      
   3482.00   8.00870   0.00000
   3400.00   8.15040   0.00000
   3300.00   8.31710   0.00000
   3200.00   8.47710   0.00000
   3100.00   8.63030   0.00000
   3000.00   8.77680   0.00000
   2900.00   8.91660   0.00000
   2800.00   9.04960   0.00000
   2700.00   9.17580   0.00000
   2600.00   9.29540   0.00000
   2500.00   9.40820   0.00000
   2400.00   9.51420   0.00000
   2300.00   9.61360   0.00000
   2200.00   9.70620   0.00000
   2100.00   9.79200   0.00000
   2000.00   9.87110   0.00000
   1900.00   9.94350   0.00000
   1800.00  10.00920   0.00000
   1700.00  10.06810   0.00000
   1600.00  10.12030   0.00000
   1500.00  10.16570   0.00000
   1400.00  10.20440   0.00000
   1300.00  10.23640   0.00000
   1217.10  10.25780   0.00000
   1217.10  11.09140   3.43850
   1200.00  11.09560   3.44210
   1100.00  11.11880   3.46160
   1000.00  11.14000   3.47950
    900.00  11.15920   3.49560
    800.00  11.17630   3.51010
    700.00  11.19150   3.52290
    600.00  11.20460   3.53390
    500.00  11.21570   3.54330
    400.00  11.22480   3.55090
    300.00  11.23190   3.55690
    200.00  11.23690   3.56110
    100.00  11.23990   3.56370
      1.00  11.24090   3.56450 1
